305
306
305
305
305
305
304
305
305
305
305
305
304
305
305
305
304
304
305
305
305
305
303
304
304
305
304
306
304
304
305
303
302
302
302
302
302
302
302
302
302
302
302
301
300
299
302
302
301
299
299
299
299
298
298
298
298
298
298
298
298
298
298
298
298
298
298
298
298
298
298
298
298
298
298
299
298
299
298
298
298
298
299
300
299
299
300
301
301
300
301
301
302
302
302
302
302
301
300
300
300
300
300
300
300
299
298
298
298
296
295
294
294
293
293
293
293
291
292
291
292
290
290
290
291
292
292
291
292
291
290
288
287
288
291
289
291
290
289
288
288
288
289
289
288
291
291
288
287
285
283
281
284
285
283
283
284
283
281
279
275
278
277
275
275
275
273
271
268
266
265
260
261
261
258
258
254
248
245
241
239
236
234
230
226
221
219
216
214
211
205
204
200
197
198
196
193
189
185
183
179
176
177
175
175
174
176
175
176
175
174
173
177
178
180
182
185
192
192
194
196
200
201
204
204
204
207
212
214
222
223
225
231
236
237
243
245
251
256
255
260
261
260
265
265
267
269
270
271
273
278
282
280
287
288
292
292
296
297
298
300
301
303
308
309
309
314
318
320
322
322
324
323
325
328
324
326
326
327
330
333
336
335
335
337
339
335
329
328
329
334
337
333
335
336
335
338
339
342
342
342
344
346
350
347
351
349
346
343
343
352
350
352
354
357
358
357
358
357
359
359
361
362
363
361
359
357
357
358
360
356
352
354
357
358
359
359
358
358
361
363
364
361
362
360
361
363
360
361
363
363
366
363
360
362
362
360
365
363
362
363
365
366
361
358
359
358
358
359
359
357
358
363
361
360
364
366
364
360
359
362
361
362
367
366
368
371
369
366
365
362
371
371
372
367
363
365
364
367
366
373
371
374
375
373
376
376
373
369
368
369
372
374
377
381
383
380
381
377
376
374
376
376
379
379
379
379
382
378
376
377
375
376
377
379
376
378
377
379
378
375
375
374
377
373
373
380
381
380
380
375
371
369
374
384
385
384
383
379
377
373
371
370
371
378
378
377
373
372
370
371
371
377
378
378
379
379
378
376
376
379
380
379
380
381
384
382
382
379
381
383
383
384
381
381
380
384
381
382
378
376
376
380
380
381
380
376
377
378
379
375
374
377
378
380
380
377
376
378
378
380
377
376
380
374
375
378
376
378
376
376
374
371
373
380
379
383
384
384
380
383
379
381
378
377
380
387
389
388
386
383
378
378
375
380
373
374
376
377
385
385
386
383
381
380
379
373
372
373
371
373
377
377
378
377
379
381
378
376
376
377
376
378
377
380
377
377
372
372
379
375
376
378
379
378
375
377
378
375
374
371
371
374
376
378
381
384
383
382
382
383
386
387
387
384
381
381
379
377
379
379
383
380
375
379
383
381
382
383
384
381
379
376
379
377
381
380
385
384
385
384
382
379
375
378
378
376
374
379
379
377
379
378
382
382
382
380
380
380
377
378
380
381
382
381
382
380
380
378
379
377
379
380
382
384
386
386
387
387
385
380
377
377
379
375
373
373
375
375
374
376
376
376
376
374
370
373
373
373
374
372
375
372
375
372
376
378
376
369
370
373
373
377
375
376
376
376
377
376
375
373
370
374
372
371
370
373
376
374
378
379
382
379
380
378
379
380
381
385
385
386
383
381
382
378
377
375
378
374
374